0.2803449642157872
0.5303201285120929
2.7118598708640684
1.24231642162162
2.427083018798424
2.273683940845995
3.808125220786629
5.439344168647523
4.437919699908035
0.41683049412205675
9.018972440166069
3.9477330003094644
3.4395637119618305
2.866713875825005
0.08639535639670817
0.9476181340892291
7.04429393245817
1.7437162418013001
0.24890015968684195
2.7781053826405064
1.612555900061807
0.41600631149446393
5.728117086374293
0.48710287530034263
4.576033446176957
0.16179989072167236
0.8359710350557384
3.5687948486558647
4.030183726604715
5.2737928516486265
0.6071375402174997
0.3455280354056203
0.11148126907605778
3.541133782996991
2.638716088544312
0.65003020975686
0.8854999716928038
0.3324203829178316
0.3706057151290943
2.3947382128105894
5.261919242673491
0.2395438218588802
1.7410868356444729
0.21493541526010498
4.159487236407095
1.1063093138946065
5.910045420769099
3.8516859405542445
0.7552762373424886
1.2705832407604531
1.990527249398197
0.6479870606675839
1.5545540287949398
3.0188040686399384
2.3203092007623285
3.1450734811108374
2.0953553533694085
1.3871897546936325
0.5216592162448449
0.34304178479697145
5.083542265136432
0.9534240341484114
2.5841818055278916
0.9596307758174304
1.6905313988378068
1.9623996920060272
3.1471375354131457
1.002475782794843
6.420068648522424
1.3129755229706839
3.2990666581563324
0.20418222385173515
0.9589382068798937
1.7403465925595458
0.6183572603586068
0.5229706797585264
2.6831676818088686
2.029106227815712
1.1651068262253808
1.5567041926952354
1.6347250481839988
4.852494168602706
1.0456591319223252
4.944849637277948
1.3028719615526156
2.901723051229736
1.1505114401217025
2.606452581071176
2.1407168055387022
0.87787551875838
7.447644084633081
2.012887029217287
3.6900014793949683
2.650478101515964
2.904108685679555
0.30181753196090366
0.7055279133328358
3.3383830190697483
0.5389534925842623
1.8998470559665777
