-1.0,-0.5,0.0,0.0
-0.9879842662811279,-0.5309407567977905,0.01201573371887207,-0.030940756797790528
-0.9759685325622559,-0.561881513595581,0.01201573371887207,-0.030940756797790528
-0.9639527988433838,-0.5928222703933715,0.01201573371887207,-0.030940756797790528
-0.9519370651245117,-0.6237630271911621,0.01201573371887207,-0.030940756797790528
-0.9399213314056396,-0.6547037839889527,0.01201573371887207,-0.030940756797790528
-0.9279055976867676,-0.6856445407867432,0.01201573371887207,-0.030940756797790528
-0.9158898639678955,-0.7165852975845337,0.01201573371887207,-0.030940756797790528
-0.9038741302490234,-0.7475260543823242,0.01201573371887207,-0.030940756797790528
-0.8918583965301514,-0.7784668111801147,0.01201573371887207,-0.030940756797790528
-0.8798426628112793,-0.8094075679779053,0.01201573371887207,-0.030940756797790528
-0.8678269290924072,-0.8403483247756958,0.01201573371887207,-0.030940756797790528
-0.8558111953735351,-0.8712890815734864,0.01201573371887207,-0.030940756797790528
-0.8437954616546631,-0.9022298383712768,0.01201573371887207,-0.030940756797790528
-0.831779727935791,-0.9331705951690674,0.01201573371887207,-0.030940756797790528
-0.8197639942169189,-0.9641113519668579,0.01201573371887207,-0.030940756797790528
-0.8077482604980468,-0.9950521087646484,0.01201573371887207,-0.030940756797790528
-0.7957325267791748,-1.025992865562439,0.01201573371887207,-0.030940756797790528
-0.7837167930603027,-1.0569336223602295,0.01201573371887207,-0.030940756797790528
-0.7717010593414306,-1.0878743791580199,0.01201573371887207,-0.030940756797790528
-0.7596853256225586,-1.1188151359558105,0.01201573371887207,-0.030940756797790528
-0.7476695919036865,-1.1497558927536011,0.01201573371887207,-0.030940756797790528
-0.7356538581848144,-1.1806966495513915,0.01201573371887207,-0.030940756797790528
-0.7236381244659424,-1.2116374063491822,0.01201573371887207,-0.030940756797790528
-0.7116223907470702,-1.2425781631469728,0.01201573371887207,-0.030940756797790528
-0.6996066570281982,-1.2735189199447632,0.01201573371887207,-0.030940756797790528
-0.6996066570281982,-1.2735189199447632,0.0,0.0
-0.6996066570281982,-1.2735189199447632,0.0,0.0
-0.6996066570281982,-1.2735189199447632,0.0,0.0
-0.6996066570281982,-1.2735189199447632,0.0,0.0
-0.6996066570281982,-1.2735189199447632,0.0,0.0
-0.6996066570281982,-1.2735189199447632,0.0,0.0
-0.6996066570281982,-1.2735189199447632,0.0,0.0
-0.6996066570281982,-1.2735189199447632,0.0,0.0
-0.6996066570281982,-1.2735189199447632,0.0,0.0
-0.6996066570281982,-1.2735189199447632,0.0,0.0
-0.6996066570281982,-1.2735189199447632,0.0,0.0
-0.6996066570281982,-1.2735189199447632,0.0,0.0
-0.6996066570281982,-1.2735189199447632,0.0,0.0
-0.6996066570281982,-1.2735189199447632,0.0,0.0
-0.6996066570281982,-1.2735189199447632,0.0,0.0
-0.6996066570281982,-1.2735189199447632,0.0,0.0
-0.6996066570281982,-1.2735189199447632,0.0,0.0
-0.6996066570281982,-1.2735189199447632,0.0,0.0
-0.6996066570281982,-1.2735189199447632,0.0,0.0
-0.6996066570281982,-1.2735189199447632,0.0,0.0
-0.6996066570281982,-1.2735189199447632,0.0,0.0
-0.6996066570281982,-1.2735189199447632,0.0,0.0
-0.6996066570281982,-1.2735189199447632,0.0,0.0
-0.6996066570281982,-1.2735189199447632,0.0,0.0
-0.6996066570281982,-1.2735189199447632,0.0,0.0
-0.6352731585502625,-1.2522797679901123,0.06433349847793579,0.02123915195465088
-0.5709396600723267,-1.2310406160354614,0.06433349847793579,0.02123915195465088
-0.5066061615943909,-1.2098014640808106,0.06433349847793579,0.02123915195465088
-0.4422726631164551,-1.1885623121261597,0.06433349847793579,0.02123915195465088
-0.3779391646385193,-1.1673231601715088,0.06433349847793579,0.02123915195465088
-0.3136056661605835,-1.146084008216858,0.06433349847793579,0.02123915195465088
-0.2492721676826477,-1.124844856262207,0.06433349847793579,0.02123915195465088
-0.18493866920471191,-1.1036057043075562,0.06433349847793579,0.02123915195465088
-0.12060517072677612,-1.0823665523529054,0.06433349847793579,0.02123915195465088
-0.05627167224884033,-1.0611274003982545,0.06433349847793579,0.02123915195465088
0.008061826229095459,-1.0398882484436034,0.06433349847793579,0.02123915195465088
0.07239532470703125,-1.0186490964889527,0.06433349847793579,0.02123915195465088
0.13672882318496704,-0.9974099445343018,0.06433349847793579,0.02123915195465088
0.20106232166290283,-0.9761707925796509,0.06433349847793579,0.02123915195465088
0.2653958201408386,-0.954931640625,0.06433349847793579,0.02123915195465088
0.3297293186187744,-0.933692488670349,0.06433349847793579,0.02123915195465088
0.3940628170967102,-0.9124533367156982,0.06433349847793579,0.02123915195465088
0.458396315574646,-0.8912141847610473,0.06433349847793579,0.02123915195465088
0.5227298140525818,-0.8699750328063964,0.06433349847793579,0.02123915195465088
0.5870633125305176,-0.8487358808517456,0.06433349847793579,0.02123915195465088
0.6513968110084534,-0.8274967288970947,0.06433349847793579,0.02123915195465088
0.7157303094863892,-0.8062575769424438,0.06433349847793579,0.02123915195465088
0.780063807964325,-0.785018424987793,0.06433349847793579,0.02123915195465088
0.8443973064422607,-0.7637792730331421,0.06433349847793579,0.02123915195465088
0.9087308049201965,-0.7425401210784912,0.06433349847793579,0.02123915195465088
0.9123815727233887,-0.7328385162353516,0.0036507678031921387,0.00970160484313965
0.9160323405265808,-0.7231369113922119,0.0036507678031921387,0.00970160484313965
0.919683108329773,-0.7134353065490723,0.0036507678031921387,0.00970160484313965
0.9233338761329651,-0.7037337017059326,0.0036507678031921387,0.00970160484313965
0.9269846439361572,-0.694032096862793,0.0036507678031921387,0.00970160484313965
0.9306354117393494,-0.6843304920196533,0.0036507678031921387,0.00970160484313965
0.9342861795425415,-0.6746288871765137,0.0036507678031921387,0.00970160484313965
0.9379369473457336,-0.6649272823333741,0.0036507678031921387,0.00970160484313965
0.9415877151489258,-0.6552256774902344,0.0036507678031921387,0.00970160484313965
0.9452384829521179,-0.6455240726470948,0.0036507678031921387,0.00970160484313965
0.94888925075531,-0.635822467803955,0.0036507678031921387,0.00970160484313965
0.9525400185585022,-0.6261208629608155,0.0036507678031921387,0.00970160484313965
0.9561907863616943,-0.6164192581176757,0.0036507678031921387,0.00970160484313965
0.9598415541648865,-0.6067176532745362,0.0036507678031921387,0.00970160484313965
0.9634923219680787,-0.5970160484313964,0.0036507678031921387,0.00970160484313965
0.9671430897712707,-0.5873144435882568,0.0036507678031921387,0.00970160484313965
0.9707938575744629,-0.5776128387451172,0.0036507678031921387,0.00970160484313965
0.9744446253776551,-0.5679112339019775,0.0036507678031921387,0.00970160484313965
0.9780953931808472,-0.5582096290588379,0.0036507678031921387,0.00970160484313965
0.9817461609840393,-0.5485080242156982,0.0036507678031921387,0.00970160484313965
0.9853969287872315,-0.5388064193725586,0.0036507678031921387,0.00970160484313965
0.9890476965904236,-0.5291048145294189,0.0036507678031921387,0.00970160484313965
0.9926984643936158,-0.5194032096862793,0.0036507678031921387,0.00970160484313965
0.9963492321968078,-0.5097016048431396,0.0036507678031921387,0.00970160484313965
1.0,-0.5,0.0036507678031921387,0.00970160484313965
0,-1,0,0
0.0001006793975830078,-0.9623649084568023,0.0001006793975830078,0.037635091543197635
0.0002013587951660156,-0.9247298169136047,0.0001006793975830078,0.037635091543197635
0.0003020381927490234,-0.8870947253704071,0.0001006793975830078,0.037635091543197635
0.0004027175903320312,-0.8494596338272095,0.0001006793975830078,0.037635091543197635
0.0005033969879150391,-0.8118245422840118,0.0001006793975830078,0.037635091543197635
0.0006040763854980468,-0.7741894507408142,0.0001006793975830078,0.037635091543197635
0.0007047557830810547,-0.7365543591976166,0.0001006793975830078,0.037635091543197635
0.0008054351806640624,-0.6989192676544189,0.0001006793975830078,0.037635091543197635
0.0009061145782470703,-0.6612841761112214,0.0001006793975830078,0.037635091543197635
0.0010067939758300782,-0.6236490845680237,0.0001006793975830078,0.037635091543197635
0.001107473373413086,-0.586013993024826,0.0001006793975830078,0.037635091543197635
0.0012081527709960937,-0.5483789014816285,0.0001006793975830078,0.037635091543197635
0.0013088321685791016,-0.5107438099384307,0.0001006793975830078,0.037635091543197635
0.0014095115661621094,-0.47310871839523316,0.0001006793975830078,0.037635091543197635
0.0015101909637451171,-0.4354736268520355,0.0001006793975830078,0.037635091543197635
0.001610870361328125,-0.39783853530883784,0.0001006793975830078,0.037635091543197635
0.0017115497589111329,-0.3602034437656403,0.0001006793975830078,0.037635091543197635
0.0018122291564941406,-0.3225683522224426,0.0001006793975830078,0.037635091543197635
0.0019129085540771484,-0.28493326067924496,0.0001006793975830078,0.037635091543197635
0.0020135879516601563,-0.2472981691360474,0.0001006793975830078,0.037635091543197635
0.002114267349243164,-0.20966307759284974,0.0001006793975830078,0.037635091543197635
0.002214946746826172,-0.17202798604965208,0.0001006793975830078,0.037635091543197635
0.00231562614440918,-0.13439289450645442,0.0001006793975830078,0.037635091543197635
0.0024163055419921873,-0.09675780296325687,0.0001006793975830078,0.037635091543197635
0.0025169849395751953,-0.059122711420059204,0.0001006793975830078,0.037635091543197635
0.0026176643371582033,-0.02148761987686154,0.0001006793975830078,0.037635091543197635
0.002718343734741211,0.016147471666336122,0.0001006793975830078,0.037635091543197635
0.002819023132324219,0.053782563209533674,0.0001006793975830078,0.037635091543197635
0.0029197025299072268,0.09141765475273123,0.0001006793975830078,0.037635091543197635
0.0030203819274902343,0.129052746295929,0.0001006793975830078,0.037635091543197635
0.0031210613250732423,0.16668783783912655,0.0001006793975830078,0.037635091543197635
0.00322174072265625,0.20432292938232433,0.0001006793975830078,0.037635091543197635
0.0033224201202392578,0.24195802092552188,0.0001006793975830078,0.037635091543197635
0.0034230995178222657,0.27959311246871943,0.0001006793975830078,0.037635091543197635
0.0035237789154052733,0.3172282040119172,0.0001006793975830078,0.037635091543197635
0.0036244583129882812,0.35486329555511475,0.0001006793975830078,0.037635091543197635
0.003725137710571289,0.3924983870983123,0.0001006793975830078,0.037635091543197635
0.0038258171081542967,0.4301334786415101,0.0001006793975830078,0.037635091543197635
0.003926496505737304,0.46776857018470763,0.0001006793975830078,0.037635091543197635
0.004027175903320313,0.5054036617279052,0.0001006793975830078,0.037635091543197635
0.00412785530090332,0.543038753271103,0.0001006793975830078,0.037635091543197635
0.004228534698486328,0.5806738448143005,0.0001006793975830078,0.037635091543197635
0.004329214096069336,0.6183089363574981,0.0001006793975830078,0.037635091543197635
0.004429893493652344,0.6559440279006958,0.0001006793975830078,0.037635091543197635
0.004530572891235351,0.6935791194438934,0.0001006793975830078,0.037635091543197635
0.00463125228881836,0.7312142109870912,0.0001006793975830078,0.037635091543197635
0.004731931686401367,0.7688493025302887,0.0001006793975830078,0.037635091543197635
0.004832611083984375,0.8064843940734863,0.0001006793975830078,0.037635091543197635
0.004933290481567383,0.844119485616684,0.0001006793975830078,0.037635091543197635
0.005033969879150391,0.8817545771598816,0.0001006793975830078,0.037635091543197635
0.004933290481567383,0.884119485616684,-0.0001006793975830078,0.0023649084568023683
0.004832611083984375,0.8864843940734863,-0.0001006793975830078,0.0023649084568023683
0.004731931686401367,0.8888493025302887,-0.0001006793975830078,0.0023649084568023683
0.00463125228881836,0.8912142109870911,-0.0001006793975830078,0.0023649084568023683
0.004530572891235351,0.8935791194438935,-0.0001006793975830078,0.0023649084568023683
0.004429893493652344,0.8959440279006958,-0.0001006793975830078,0.0023649084568023683
0.004329214096069336,0.8983089363574982,-0.0001006793975830078,0.0023649084568023683
0.004228534698486329,0.9006738448143006,-0.0001006793975830078,0.0023649084568023683
0.00412785530090332,0.903038753271103,-0.0001006793975830078,0.0023649084568023683
0.004027175903320313,0.9054036617279053,-0.0001006793975830078,0.0023649084568023683
0.003926496505737304,0.9077685701847077,-0.0001006793975830078,0.0023649084568023683
0.0038258171081542967,0.9101334786415101,-0.0001006793975830078,0.0023649084568023683
0.003725137710571289,0.9124983870983123,-0.0001006793975830078,0.0023649084568023683
0.0036244583129882812,0.9148632955551147,-0.0001006793975830078,0.0023649084568023683
0.0035237789154052733,0.9172282040119171,-0.0001006793975830078,0.0023649084568023683
0.0034230995178222657,0.9195931124687194,-0.0001006793975830078,0.0023649084568023683
0.0033224201202392578,0.9219580209255218,-0.0001006793975830078,0.0023649084568023683
0.00322174072265625,0.9243229293823242,-0.0001006793975830078,0.0023649084568023683
0.0031210613250732423,0.9266878378391266,-0.0001006793975830078,0.0023649084568023683
0.0030203819274902343,0.9290527462959289,-0.0001006793975830078,0.0023649084568023683
0.0029197025299072268,0.9314176547527313,-0.0001006793975830078,0.0023649084568023683
0.002819023132324219,0.9337825632095337,-0.0001006793975830078,0.0023649084568023683
0.002718343734741211,0.936147471666336,-0.0001006793975830078,0.0023649084568023683
0.0026176643371582033,0.9385123801231384,-0.0001006793975830078,0.0023649084568023683
0.0025169849395751953,0.9408772885799408,-0.0001006793975830078,0.0023649084568023683
0.0024163055419921873,0.9432421970367432,-0.0001006793975830078,0.0023649084568023683
0.00231562614440918,0.9456071054935455,-0.0001006793975830078,0.0023649084568023683
0.002214946746826172,0.9479720139503479,-0.0001006793975830078,0.0023649084568023683
0.002114267349243164,0.9503369224071503,-0.0001006793975830078,0.0023649084568023683
0.0020135879516601563,0.9527018308639527,-0.0001006793975830078,0.0023649084568023683
0.0019129085540771484,0.955066739320755,-0.0001006793975830078,0.0023649084568023683
0.0018122291564941408,0.9574316477775574,-0.0001006793975830078,0.0023649084568023683
0.0017115497589111329,0.9597965562343598,-0.0001006793975830078,0.0023649084568023683
0.001610870361328125,0.9621614646911621,-0.0001006793975830078,0.0023649084568023683
0.0015101909637451174,0.9645263731479645,-0.0001006793975830078,0.0023649084568023683
0.0014095115661621094,0.9668912816047668,-0.0001006793975830078,0.0023649084568023683
0.0013088321685791014,0.9692561900615693,-0.0001006793975830078,0.0023649084568023683
0.0012081527709960939,0.9716210985183715,-0.0001006793975830078,0.0023649084568023683
0.0011074733734130864,0.973986006975174,-0.0001006793975830078,0.0023649084568023683
0.001006793975830078,0.9763509154319763,-0.0001006793975830078,0.0023649084568023683
0.0009061145782470704,0.9787158238887786,-0.0001006793975830078,0.0023649084568023683
0.0008054351806640629,0.981080732345581,-0.0001006793975830078,0.0023649084568023683
0.0007047557830810545,0.9834456408023834,-0.0001006793975830078,0.0023649084568023683
0.0006040763854980469,0.9858105492591858,-0.0001006793975830078,0.0023649084568023683
0.0005033969879150394,0.9881754577159881,-0.0001006793975830078,0.0023649084568023683
0.000402717590332031,0.9905403661727905,-0.0001006793975830078,0.0023649084568023683
0.00030203819274902347,0.9929052746295929,-0.0001006793975830078,0.0023649084568023683
0.00020135879516601594,0.9952701830863953,-0.0001006793975830078,0.0023649084568023683
0.00010067939758300753,0.9976350915431976,-0.0001006793975830078,0.0023649084568023683
0.0,1.0,-0.0001006793975830078,0.0023649084568023683
-1.0,0.5,0.0,0.0
-0.9772819548845291,0.4539849191904068,0.022718045115470886,-0.0460150808095932
-0.9545639097690582,0.4079698383808136,0.022718045115470886,-0.0460150808095932
-0.9318458646535873,0.3619547575712204,0.022718045115470886,-0.0460150808095932
-0.9091278195381165,0.3159396767616272,0.022718045115470886,-0.0460150808095932
-0.8864097744226456,0.269924595952034,0.022718045115470886,-0.0460150808095932
-0.8636917293071746,0.22390951514244078,0.022718045115470886,-0.0460150808095932
-0.8409736841917038,0.17789443433284757,0.022718045115470886,-0.0460150808095932
-0.8182556390762329,0.13187935352325442,0.022718045115470886,-0.0460150808095932
-0.7955375939607621,0.0858642727136612,0.022718045115470886,-0.0460150808095932
-0.7728195488452911,0.03984919190406799,0.022718045115470886,-0.0460150808095932
-0.7501015037298202,-0.006165888905525163,0.022718045115470886,-0.0460150808095932
-0.7273834586143494,-0.05218096971511843,0.022718045115470886,-0.0460150808095932
-0.7046654134988785,-0.09819605052471159,0.022718045115470886,-0.0460150808095932
-0.6819473683834076,-0.14421113133430485,0.022718045115470886,-0.0460150808095932
-0.6592293232679367,-0.190226212143898,0.022718045115470886,-0.0460150808095932
-0.6365112781524658,-0.23624129295349117,0.022718045115470886,-0.0460150808095932
-0.613793233036995,-0.28225637376308443,0.022718045115470886,-0.0460150808095932
-0.591075187921524,-0.3282714545726776,0.022718045115470886,-0.0460150808095932
-0.5683571428060532,-0.37428653538227086,0.022718045115470886,-0.0460150808095932
-0.5456390976905823,-0.420301616191864,0.022718045115470886,-0.0460150808095932
-0.5262003153562546,-0.4350490659475327,0.0194387823343277,-0.01474744975566864
-0.5067615330219268,-0.4497965157032013,0.0194387823343277,-0.01474744975566864
-0.48732275068759917,-0.46454396545886995,0.0194387823343277,-0.01474744975566864
-0.4678839683532715,-0.47929141521453855,0.0194387823343277,-0.01474744975566864
-0.4484451860189438,-0.4940388649702072,0.0194387823343277,-0.01474744975566864
-0.42900640368461607,-0.5087863147258759,0.0194387823343277,-0.01474744975566864
-0.4095676213502884,-0.5235337644815445,0.0194387823343277,-0.01474744975566864
-0.3901288390159607,-0.5382812142372131,0.0194387823343277,-0.01474744975566864
-0.370690056681633,-0.5530286639928818,0.0194387823343277,-0.01474744975566864
-0.3512512743473053,-0.5677761137485504,0.0194387823343277,-0.01474744975566864
-0.3318124920129776,-0.5825235635042191,0.0194387823343277,-0.01474744975566864
-0.3123737096786499,-0.5972710132598877,0.0194387823343277,-0.01474744975566864
-0.2929349273443222,-0.6120184630155563,0.0194387823343277,-0.01474744975566864
-0.27349614500999453,-0.626765912771225,0.0194387823343277,-0.01474744975566864
-0.2540573626756668,-0.6415133625268936,0.0194387823343277,-0.01474744975566864
-0.2346185803413391,-0.6562608122825623,0.0194387823343277,-0.01474744975566864
-0.21517979800701142,-0.6710082620382309,0.0194387823343277,-0.01474744975566864
-0.1957410156726837,-0.6857557117938995,0.0194387823343277,-0.01474744975566864
-0.17630223333835604,-0.7005031615495682,0.0194387823343277,-0.01474744975566864
-0.15686345100402832,-0.7152506113052368,0.0194387823343277,-0.01474744975566864
-0.10359861552715302,-0.6703287392854691,0.05326483547687531,0.04492187201976776
-0.05033378005027771,-0.6254068672657013,0.05326483547687531,0.04492187201976776
0.0029310554265976063,-0.5804849952459336,0.05326483547687531,0.04492187201976776
0.056195890903472906,-0.5355631232261657,0.05326483547687531,0.04492187201976776
0.1094607263803482,-0.490641251206398,0.05326483547687531,0.04492187201976776
0.16272556185722353,-0.44571937918663024,0.05326483547687531,0.04492187201976776
0.2159903973340988,-0.40079750716686247,0.05326483547687531,0.04492187201976776
0.26925523281097413,-0.35587563514709475,0.05326483547687531,0.04492187201976776
0.3225200682878494,-0.310953763127327,0.05326483547687531,0.04492187201976776
0.37578490376472473,-0.2660318911075592,0.05326483547687531,0.04492187201976776
0.42904973924160006,-0.22111001908779143,0.05326483547687531,0.04492187201976776
0.4823145747184754,-0.17618814706802366,0.05326483547687531,0.04492187201976776
0.5355794101953506,-0.13126627504825594,0.05326483547687531,0.04492187201976776
0.5888442456722259,-0.08634440302848811,0.05326483547687531,0.04492187201976776
0.6421090811491013,-0.0414225310087204,0.05326483547687531,0.04492187201976776
0.6953739166259766,0.003499341011047319,0.05326483547687531,0.04492187201976776
0.7486387521028519,0.04842121303081515,0.05326483547687531,0.04492187201976776
0.8019035875797271,0.09334308505058286,0.05326483547687531,0.04492187201976776
0.8551684230566026,0.1382649570703507,0.05326483547687531,0.04492187201976776
0.9084332585334778,0.1831868290901184,0.05326483547687531,0.04492187201976776
0.9111586064100266,0.19171004891395568,0.002725347876548767,0.00852321982383728
0.9138839542865753,0.20023326873779296,0.002725347876548767,0.00852321982383728
0.9166093021631241,0.20875648856163026,0.002725347876548767,0.00852321982383728
0.9193346500396729,0.21727970838546753,0.002725347876548767,0.00852321982383728
0.9220599979162216,0.2258029282093048,0.002725347876548767,0.00852321982383728
0.9247853457927704,0.23432614803314208,0.002725347876548767,0.00852321982383728
0.9275106936693192,0.24284936785697936,0.002725347876548767,0.00852321982383728
0.9302360415458679,0.25137258768081666,0.002725347876548767,0.00852321982383728
0.9329613894224167,0.2598958075046539,0.002725347876548767,0.00852321982383728
0.9356867372989655,0.2684190273284912,0.002725347876548767,0.00852321982383728
0.9384120851755142,0.2769422471523285,0.002725347876548767,0.00852321982383728
0.941137433052063,0.28546546697616576,0.002725347876548767,0.00852321982383728
0.9438627809286118,0.29398868680000306,0.002725347876548767,0.00852321982383728
0.9465881288051605,0.3025119066238403,0.002725347876548767,0.00852321982383728
0.9493134766817093,0.3110351264476776,0.002725347876548767,0.00852321982383728
0.9520388245582581,0.3195583462715149,0.002725347876548767,0.00852321982383728
0.9547641724348068,0.32808156609535216,0.002725347876548767,0.00852321982383728
0.9574895203113556,0.33660478591918946,0.002725347876548767,0.00852321982383728
0.9602148681879044,0.3451280057430267,0.002725347876548767,0.00852321982383728
0.9629402160644531,0.353651225566864,0.002725347876548767,0.00852321982383728
0.9647932052612305,0.3609686642885208,0.0018529891967773438,0.007317438721656799
0.9666461944580078,0.3682861030101776,0.0018529891967773438,0.007317438721656799
0.9684991836547852,0.3756035417318344,0.0018529891967773438,0.007317438721656799
0.9703521728515625,0.3829209804534912,0.0018529891967773438,0.007317438721656799
0.9722051620483398,0.390238419175148,0.0018529891967773438,0.007317438721656799
0.9740581512451172,0.3975558578968048,0.0018529891967773438,0.007317438721656799
0.9759111404418945,0.4048732966184616,0.0018529891967773438,0.007317438721656799
0.9777641296386719,0.4121907353401184,0.0018529891967773438,0.007317438721656799
0.9796171188354492,0.4195081740617752,0.0018529891967773438,0.007317438721656799
0.9814701080322266,0.426825612783432,0.0018529891967773438,0.007317438721656799
0.9833230972290039,0.4341430515050888,0.0018529891967773438,0.007317438721656799
0.9851760864257812,0.4414604902267456,0.0018529891967773438,0.007317438721656799
0.9870290756225586,0.4487779289484024,0.0018529891967773438,0.007317438721656799
0.9888820648193359,0.4560953676700592,0.0018529891967773438,0.007317438721656799
0.9907350540161133,0.463412806391716,0.0018529891967773438,0.007317438721656799
0.9925880432128906,0.4707302451133728,0.0018529891967773438,0.007317438721656799
0.994441032409668,0.4780476838350296,0.0018529891967773438,0.007317438721656799
0.9962940216064453,0.4853651225566864,0.0018529891967773438,0.007317438721656799
0.9981470108032227,0.4926825612783432,0.0018529891967773438,0.007317438721656799
1.0,0.5,0.0018529891967773438,0.007317438721656799
-1.0,-0.5,0.0,0.0
-1.0,-0.5,0.012599361032464581,0.0013711951606162377
-0.9987400638967535,-0.4998628804839384,0.02491065725751104,0.002675631960506765
-0.9962489981710025,-0.4995953172878877,0.036934696421458094,0.003913948682758392
-0.9925555285288566,-0.49920392241961187,0.04867228884834694,0.00508678329900087
-0.9876882996440219,-0.4986952440897118,0.06012424872297818,0.006194773322027726
-0.9816758747717241,-0.49807576675750903,0.07129139538527994,0.007238555667085032
-0.9745467352331961,-0.4973519111908005,0.08217455464713944,0.008218766524460385
-0.9663292797684823,-0.49653003453835454,0.09277456014285583,0.009136041246398644
-0.9570518237541966,-0.49561643041371467,0.10309225472459485,0.009991014251903229
-0.9467425982817372,-0.49461732898852434,0.11312849191464039,0.010784318953671995
-0.9354297490902731,-0.4935388970931571,0.12288413742684806,0.011516587712293122
-0.9231413353475882,-0.49238723832192777,0.13236007077051445,0.012188451823927643
-0.9099053282705368,-0.49116839313953503,0.1415571869508914,0.012800541549081447
-0.8957496095754478,-0.4898883389846269,0.15047639828180834,0.013353486191786725
-0.880701969747267,-0.48855299036544825,0.15911863632732678,0.013847914240655566
-0.8647901061145342,-0.4871681989413827,0.16748485399104857,0.014284453585946301
-0.8480416207154294,-0.48573975358278804,0.1755760277736366,0.014663731830136943
-0.8304840179380657,-0.48427338039977436,0.18339316022127777,0.014986376713711171
-0.812144701915938,-0.4827747427284032,0.19093728259019196,0.015253016683164072
-0.7930509736569188,-0.4812494410600868,0.19820945775481225,0.015464281634927518
-0.7732300278814377,-0.4797030128965941,0.20521078338981305,0.015620803877384086
-0.7527089495424564,-0.4781409325088557,0.21194239545854365,0.015723219363876283
-0.731514709996602,-0.4765686105724681,0.21840547204229657,0.01577216926325003
-0.7096741627923723,-0.47499139364614307,0.2246012375456512,0.015768301951782204
-0.6872140390378071,-0.47341456345096483,0.2305309673119949,0.01571227553229689
-0.6641609423066076,-0.47184333589773514,0.23619599267884583,0.015604761014024143
-0.640541343038723,-0.4702828597963327,0.24159770649260906,0.015446446321595373
-0.6163815723894621,-0.4687382151641732,0.2467375690835617,0.015238041344812126
-0.591707815481106,-0.4672144110296919,0.25161711466913594,0.014980284293480525
-0.5665461040141924,-0.46571638260034387,0.2562379580994667,0.014673949683713255
-0.5409223082042457,-0.46424898763197253,0.2606018017728695,0.01431985835144412
-0.5148621280269587,-0.4628170017968281,0.2647104424154304,0.013918889958622685
-0.4883910837854157,-0.4614251128009659,0.26856577721886105,0.013471998512111179
-0.4615345060635296,-0.46007791294975475,0.27216980854234313,0.012980231424043899
-0.4343175252092953,-0.45877988980735035,0.2755246459896606,0.012444752550758857
-0.4067650606103292,-0.4575354145522745,0.2786325041759276,0.011866869367836262
-0.37890181019273644,-0.45634872761549083,0.2814956939561586,0.011248063849559578
-0.3507522407971206,-0.4552239212305349,0.28411660446439035,0.010590025592029003
-0.3223405803506815,-0.45416491867133196,0.2864976733307814,0.009894684195674885
-0.2936908130176034,-0.4531754502517645,0.2886413433815109,0.009164236093453175
-0.2648266786794523,-0.4522590266424192,0.2905500064227829,0.0084011595079209
-0.23577167803717403,-0.4514189106916271,0.29222593831534965,0.007608211136839221
-0.20654908420563906,-0.4506580895779431,0.2936712334032564,0.006788400554197205
-0.1771819608653134,-0.44997924952252344,0.2948877484876325,0.0059449431551597594
-0.14769318601655015,-0.44938475520700744,0.2958770652293481,0.005081198003145642
-0.11810547949361534,-0.4488766354066929,0.29664047528489174,0.00420060046270232
-0.08844143196512617,-0.44845657536042266,0.29717898684866634,0.0033065994110481212
-0.05872353328025953,-0.44812591541931784,0.2974933471835382,0.002402605742587554
-0.02897419856190571,-0.4478856548450591,0.2975840743342203,0.0014919548395075333
0.0007842088715163218,-0.44773645936110834,0.29745149203171345,0.0005778824404304485
0.03052935807468767,-0.4476786711170653,0.297095763610061,-0.000336488434745337
0.06023893443569377,-0.4477123199605398,0.29651692258765056,-0.00124815235804859
0.08989062669445883,-0.44783713519634466,0.2957148989503658,-0.002154220783553236
0.1194621165894954,-0.44805255727469995,0.29468954104117884,-0.003051917836944175
0.1489310706936133,-0.4483577490583944,0.2934406334169015,-0.0039385741181834485
0.17827513403530346,-0.4487516064702128,0.29196791121953775,-0.004811619548421206
0.2074719251572572,-0.4492327684250549,0.2902710716429357,-0.00566857592669105
0.23649903232155078,-0.449799626017724,0.2883497830328198,-0.00650704960332697
0.26533401062483275,-0.4504503309780567,0.2862036920855894,-0.007324724502593467
0.2939543798333917,-0.451182803428316,0.28383242953283827,-0.008119355613602813
0.3223376227866755,-0.4519947389896763,0.2812356146257753,-0.008888762997259311
0.35046118424925304,-0.45288361528940224,0.27841285867088533,-0.009630826313691184
0.3783024701163416,-0.45384669792077137,0.27536376781593486,-0.010343479849652108
0.40583884689793503,-0.4548810459057366,0.27208794524305374,-0.011024708012166737
0.43304764142224045,-0.4559835167069532,0.2685849928918908,-0.011672541248884286
0.45990614071142955,-0.45715077083184164,0.2648545128093456,-0.012285052354243018
0.4863915919923641,-0.458379276067266,0.26089610820171827,-0.012860353121711623
0.512481202812536,-0.4596653113794371,0.25670938424903567,-0.013396591304860353
0.5381521412374395,-0.4610049705099232,0.252293948728789,-0.013891947853101806
0.5633815361103184,-0.46239416529523336,0.2476494124865429,-0.014344634391204335
0.5881464773589727,-0.46382862873435377,0.24277538978322313,-0.014752890914880324
0.6124240163372949,-0.46530391782584185,0.23767149854288064,-0.015114983677758955
0.636191166191583,-0.4668154161936177,0.2323373605199916,-0.015429203247807784
0.6594249022435822,-0.4683583365183985,0.2267726014016044,-0.015693862713748816
0.6821021623837427,-0.46992772278977335,0.22097685085666707,-0.01590729602422449
0.7041998474694094,-0.4715184523921958,0.21494974254249508,-0.01606785644442142
0.725694821723659,-0.4731252380366379,0.20869091407643994,-0.01617391511657551
0.7465639131313029,-0.4747426295482955,0.2022000069792932,-0.01622385971228314
0.7667839138292322,-0.4763650155195238,0.19547666659573,-0.01621609316585331
0.7863315804888051,-0.4779866248361091,0.18852054199610196,-0.016149032479075273
0.8051836346884154,-0.4796015280840166,0.1813312858630802,-0.016021107588766147
0.8233167632747234,-0.48120363884289324,0.17390855436599092,-0.015830760289320338
0.8407076187113225,-0.4827867148718253,0.16625200702514795,-0.01557644320322361
0.8573328194138372,-0.48434435919214763,0.15836130656804334,-0.01525661879313248
0.8731689500706417,-0.4858700210714609,0.15023611877889437,-0.01486975840966676
0.8881925619485311,-0.48735699691242756,0.14187611234274233,-0.014414341369529295
0.9023801731828054,-0.4887984310493805,0.13328095868504936,-0.013888854058960924
0.9157082690513103,-0.4901873164552766,0.12445033180753039,-0.01329178905786803
0.9281533022320633,-0.49151649536106334,0.1153839081207817,-0.012621644280230227
0.9396916930441415,-0.4927786597890864,0.1060813662741203,-0.011876922126612175
0.9502998296715535,-0.4939663520017476,0.09654238698292304,-0.011056128644769597
0.9599540683698459,-0.4950719648662245,0.0867666528536464,-0.010157772694458642
0.9686307336552106,-0.49608774213567036,0.07675384820661703,-0.009180365112631438
0.9763061184758722,-0.4970057786469335,0.06650365889660141,-0.008122417875230327
0.9829564843655324,-0.49781802043445655,0.05601577213109403,-0.006982443251779213
0.9885580615786418,-0.49851626475963445,0.04528987628620037,-0.005758952948911962
0.9930870492072618,-0.49909216005452567,0.034325660719935897,-0.00445045723887349
0.9965196152792554,-0.49953720577841304,0.023122815582712074,-0.003055464068876634
0.9988318968375266,-0.49984275218530066,0.01168103162473484,-0.0015724781469935998
1.0,-0.5,1.1583766123848515e-18,5.845427341466096e-18
0.0,-1.0,0.0,0.0
-4.302034878143145e-13,-1.0000000000005485,0.0007330438148941575,0.013378393298620226
7.330438062900878e-5,-0.998662160671235,0.0014461724463778658,0.02644805084761177
0.00021792162483659128,-0.9960173555870225,0.002139069197823138,0.039209447831293175
0.00043182854418869913,-0.9920964108044418,0.0028114168954877844,0.05166306042841905
0.000712970233307268,-0.9869301047621484,0.0034628976560704167,0.0638093663014934
0.0010592599984840941,-0.9805491681325476,0.004093192657113727,0.07564884508464044
0.0014685792637652423,-0.9729842836246321,0.004701981909408158,0.08718197887278517
0.001938777454275821,-0.9642660857379021,0.0052889440305965655,0.09840925271485554
0.0024676718569052233,-0.954425160466965,0.005853756019222284,0.10933115511371426
0.003053047458397176,-0.9434920449561423,0.006396093028499278,0.11994817853556182
0.003692656760816801,-0.9314972271031345,0.006915628139114807,0.13026081993162203
0.004384219574297946,-0.918471145110521,0.007412032130403351,0.14026958127502867
0.005125422786907904,-0.9044441869835667,0.007884973249256333,0.14997497011597852
0.005913920111403114,-0.8894466899725174,0.008334116976156783,0.15937750015840468
0.006747331808588311,-0.8735089399572256,0.00875912578775245,0.1684776918616591
0.00762324438693301,-0.8566611707716083,0.009159658915406628,0.17727607307097798
0.008539210278043052,-0.8389335634650592,0.009535372099194658,0.18577317968084756
0.009492747487531806,-0.8203562454975232,0.009885917336847691,0.1939695563357954
0.010481339220785766,-0.8009592898644923,0.01021094262718631,0.20186575717361505
0.011502433483073473,-0.7807727141476796,0.010510091707638121,0.20946234661660346
0.01255344265340623,-0.759826479486568,0.010783003785499177,0.21675990021706146
0.013631743031524948,-0.7381504894654106,0.011029313262684129,0.22375900556410197
0.014734674357361996,-0.7157745889095493,0.011248649453820501,0.23046026325974472
0.015859539302312497,-0.6927285625841236,0.01144063629768672,0.23686428797338352
0.01700360293164941,-0.6690421337873342,0.011604892062181849,0.24297170958502257
0.018164092137435604,-0.644744962829381,0.01174102904326149,0.24878317442923797
0.0193381950413295,-0.6198666453870062,0.011848653258596716,0.25429934665367915
0.02052306036675663,-0.5944367107221874,0.011927364137135505,0.25952090970815395
0.02171579678003732,-0.5684846197519211,0.011976754206300197,0.2644485679830199
0.02291347220023411,-0.5420397629541682,0.011996408779282732,0.2690830486188459
0.024113113077728756,-0.5151314580928329,0.011985905645858271,0.27342510351324223
0.02531170364188051,-0.487788947742058,0.011944814771404275,0.27747551155556877
0.026506185118586354,-0.46004139658705046,0.011872698010490786,0.28123508112614076
0.02769345491920029,-0.4319178884749857,0.011769108843641775,0.28470465290385943
0.0288703658031287,-0.40344742318514915,0.011633592148855506,0.28788510303529796
0.03003372501757778,-0.37465891288216874,0.011465684023490508,0.29077734672968175
0.031180293419489573,-0.34558117820975,0.011264911677562219,0.29338234235861776
0.032306784586807656,-0.31624294397443753,0.011030793426907385,0.2957010961577901
0.03340986392905925,-0.28667283435920776,0.01076283882485396,0.29773466765141937
0.03448614781110438,-0.25689936759461496,0.010460548985139031,0.29948417595085225
0.035532202709176744,-0.22695095000007864,0.010123417168545345,0.3009508071186499
0.0365445444255883,-0.19685586928876223,0.00975092973360937,0.30213582284242546
0.03751963739850462,-0.16664228700506778,0.00934256759161325,0.30304057073334156
0.03845389415721945,-0.1363382299322811,0.008897808363768014,0.3036664966596604
0.039343674993147615,-0.10597158026686163,0.008416129523144354,0.30401515965627013
0.04018528794501096,-0.07557006430177991,0.007897012929935828,0.30408825013170465
0.04097498923755063,-0.045161239289152985,0.007339951359257067,0.3038876123470248
0.041708984373019176,-0.014772478054991578,0.00674445791387562,0.30341527249901507
0.04238343016394584,0.01556904919437233,0.006110079673279302,0.3026734742523047
0.0429944381308086,0.045836396619070165,0.005436417662126656,0.30166472430238495
0.04353807989655129,0.07600286904878319,0.004723156407912674,0.3003918516128125
0.044010395536867294,0.1060420542095495,0.003970108311887293,0.2988580854753331
0.044407406367575356,0.13592786275658358,0.003177281303346234,0.2970671595784167
0.044725134497424664,0.16563457871395004,0.0023449836072187732,0.29502345167056593
0.04495963285765954,0.1951369238805686,0.0014739879469007132,0.2927321699949784
0.04510703165186894,0.224410140879687,0.0005657891970000329,0.29019959396308415
0.045163610571113386,0.25343010027570795,-0.0003770018156055297,0.2874333536484076
0.04512591038916107,0.2821734356404021,-0.0013501100155459975,0.2844426569926952
0.04499089938734223,0.3106177013397273,-0.002347016037801784,0.2812382051834308
0.04475619778349663,0.33874152185838546,-0.003358790458761969,0.2778313916648074
0.04442031873779383,0.36652466102545955,-0.004374896259229881,0.2742327797545446
0.043982829112273344,0.3939479390017385,-0.005384679291620346,0.27045079186277887
0.043444361183699036,0.4209930181889857,-0.006378512017886954,0.2664914129948039
0.04280650998263123,0.4476421594895067,-0.007348179768455708,0.26235862027408974
0.04207169200659621,0.47387802151798425,-0.008286800629941745,0.2580549612522899
0.04124301194447142,0.49968351764428887,-0.009188597441200824,0.2535820207238752
0.0403241522012593,0.52504171971775,-0.010048668562835646,0.24894074316086318
0.03931928534590927,0.5499357940349047,-0.010862799211738293,0.24413164454509978
0.03823300542568619,0.5743489584904765,-0.011627315961380679,0.23915495038971227
0.03707027383051066,0.5982644535305034,-0.012338976633167938,0.23401068647417167
0.03583637616816462,0.6216655221789704,-0.01299488696470138,0.22869873942601834
0.034536887472671036,0.6445353961226171,-0.013592437018701792,0.22321889787688806
0.033177643771781555,0.6668572859113464,-0.014129252084845204,0.21757088089976637
0.03176471856428073,0.6886143740023597,-0.014603154280489156,0.21175435796665615
0.03030440313721769,0.7097898098000586,-0.01501213212764707,0.20576896314941096
0.028803189925440457,0.7303667061160302,-0.015354316146070574,0.1996143053439251
0.027267758311822047,0.7503281366514507,-0.0156279590394978,0.19328997570268214
0.025704962408861783,0.7696571342227448,-0.015831419431050736,0.18679555307823506
0.024121820466746866,0.7883366895315924,-0.015963148372859608,0.18013060803010747
0.022525505630451532,0.8063497503356257,-0.016021678047908123,0.17329470578124267
0.02092333782665169,0.8236792209147713,-0.016005612221882657,0.1662874083976395
0.019322776605454648,0.8403079617555553,-0.015913618105233476,0.15910827638757447
0.017731414795922704,0.8562187893953319,-0.015744419361538406,0.15175686986300502
0.016156972860760392,0.8713944763826506,-0.015496790055086368,0.14423274936776154
0.014607293856243373,0.8858177513204443,-0.015169549373595485,0.13653547644997419
0.013090338919875502,0.8994712989664586,-0.014761556994833567,0.12866461403653054
0.01161418322138386,0.912337760371128,-0.014271708991241989,0.12061972665298412
0.010187012323251397,0.9243997330374424,-0.013698934186366222,0.11240038052170308
0.008817118905606523,0.9356397710906283,-0.013042190892339533,0.1040061435631059
0.00751289981736432,0.9460403854479542,-0.0123004639698579,0.0954365853188356
0.00628285342137028,0.955584043980853,-0.011472762161768763,0.08669127681114974
0.00513557720618515,0.9642531716629827,-0.010558115659130257,0.07776979034927471
0.004079765641263865,0.972030150698925,-0.00955557386479929,0.06867169929071498
0.00312420825577567,0.978897320629011,-0.008464203324592703,0.05939657776332073
0.002277787924308129,0.9848369784063576,-0.00728308580007712,0.04994400035214933
0.0015494793452921418,0.9898313784425871,-0.006011316460264705,0.0403135417536873
0.0009483477002573924,0.9938627326189703,-0.004648002172068651,0.030504776398712383
0.00048354748404224614,0.9969132102598559,-0.0031922598714294458,0.020517278043716995
0.00016432149789101912,0.998964938065242,-0.0016432149987445324,0.01035061932729257
-9.91717070427432e-13,0.9999999999989856,1.5413467514508376e-11,2.1856499627032437e-6
-1.0,0.5,0.0,0.0
-0.9999999999995698,0.5000000000005486,0.01188118812159455,0.001054532952869725
-0.9988118811869802,0.500105453296384,0.023522352240624756,0.00207678428449585
-0.9964596459624875,0.5003131317253822,0.034923492357103306,0.0030667539949327006
-0.9929672967263469,0.5006198071254241,0.046084608471040976,0.004024442084221627
-0.9883588358788126,0.5010222513343947,0.057005700582446986,0.004949848552394799
-0.9826582658201376,0.5015172361901827,0.0676867686913293,0.005842973399477715
-0.9758895889505744,0.5021015335306791,0.07812781279769476,0.006703816625490901
-0.9680768076703747,0.5027719151937767,0.08832883290154939,0.007532378230451098
-0.9592439243797896,0.5035251530173703,0.0982898290028984,0.008328658214372118
-0.9494149414790694,0.5043580188393562,0.1080108011017464,0.009092656577265469
-0.9386138613684645,0.5052672844976314,0.11749174919809743,0.009824373319140815
-0.9268646864482243,0.506249721830094,0.12673267329195506,0.010523808440006333
-0.9141914191185984,0.5073021026746433,0.13573357338332245,0.011190961939868974
-0.9006180617798357,0.5084211988691788,0.14449444947220239,0.011825833818734682
-0.886168616832185,0.5096037822516009,0.15301530155859736,0.012428424076608555
-0.8708670866758947,0.5108466246598103,0.1612961296425095,0.01299873271349497
-0.8547374737112131,0.5121464979317084,0.1693369337239408,0.013536759729397696
-0.8378037803383883,0.5135001739051969,0.17713771380289292,0.014042505124319971
-0.8200900089576683,0.5149044244181776,0.18469846987936742,0.014515968898264576
-0.8016201619693006,0.516356021308553,0.19201920195336555,0.01495715105123388
-0.782418241773533,0.5178517364142251,0.1990999100248885,0.015366051583229894
-0.7625082507706129,0.5193883415730969,0.20594059409393722,0.015742670494254304
-0.7419141913607877,0.5209626086230712,0.21254125416051253,0.016087007784308494
-0.720660065944305,0.522571309402051,0.21890189022461515,0.016399063453393578
-0.6987698769214117,0.5242112157479392,0.22502250228624562,0.016678837501510408
-0.6762676266923552,0.5258790994986392,0.23090309034540435,0.016926329928659594
-0.6531773176573825,0.5275717324920542,0.23654365440209166,0.01714154073484151
-0.6295229522167408,0.5292858865660874,0.2419441944563077,0.0173244699200563
-0.6053285327706772,0.5310183335586423,0.2471047105080525,0.01747511748430387
-0.5806180617194387,0.5327658453076218,0.252025202557326,0.017593483427583902
-0.5554155414632725,0.5345251936509294,0.2567056706041281,0.017679567749895833
-0.5297449744024256,0.5362931504264683,0.26114611464845827,0.01773337045123885
-0.5036303629371451,0.5380664874721415,0.26534653469031616,0.017754891531611874
-0.47709570946767843,0.5398419766258521,0.26930693072970113,0.017744130991013553
-0.45016501639427253,0.5416163897255027,0.27302730276661247,0.017701088829442206
-0.4228622861171748,0.5433864986089965,0.27650765080104917,0.017625765046895826
-0.39521152103663265,0.5451490751142354,0.27974797483301017,0.017518159643372024
-0.3672367235528935,0.5469008910791219,0.28274827486249415,0.017378272618867978
-0.33896189606620497,0.5486387183415579,0.2855085508894996,0.017206103973380384
-0.3104110409768147,0.550359328739445,0.2880288029140248,0.017001653706905383
-0.2816081606849707,0.5520594941106844,0.29030903093606764,0.016764921819438467
-0.252577257590921,0.5537359862931769,0.2923492349556258,0.01649590831097438
-0.22334233409491377,0.5553855771248224,0.29414941497269664,0.016194613181506962
-0.1939273925971976,0.5570050384435206,0.29570957098727707,0.015861036431029023
-0.16435643549802129,0.5585911420871701,0.2970297029993634,0.015495178059532098
-0.13465346519763385,0.5601406598936686,0.2981098110089515,0.015097038067006222
-0.1048424840962848,0.5616503637009128,0.29894989501603664,0.014666616453439594
-0.07494749459422398,0.5631170253467979,0.2995499550206131,0.014203913218818202
-0.04499249909170177,0.5645374166692173,0.29990999102267424,0.013708928363125351
-0.01500149998896918,0.5659083095060625,0.3000300030222123,0.013181661886341131
0.015001500313722028,0.5672264756952221,0.2999099910192178,0.012622113788441846
0.04499249941611907,0.5684886870745812,0.29954995501367965,0.012030284069399587
0.0749474949179677,0.5696917154820204,0.2989498950055844,0.011406172729182354
0.10484248441901145,0.5708323327554138,0.29810981099491607,0.010749779767755733
0.13465346551899007,0.5719073107326273,0.29702970298165593,0.01006110518508851
0.16435643581763634,0.5729134212515157,0.29570957096578393,0.00934014898116706
0.1939273929146703,0.57384743614992,0.2941494149472837,0.008586911156025953
0.22334233440979043,0.574706127265669,0.29234923492615644,0.0078013917097949905
0.25257725790267027,0.575486266436593,0.29030903090244836,0.006983590642722314
0.2816081609929805,0.57618462550055,0.288028802876273,0.006133507955087806
0.31041104128043445,0.5767979762954655,0.2855085508477792,0.005251143647045987
0.3389618963648099,0.5773230906593456,0.28274827481707676,0.004336497718594769
0.3672367238459298,0.5777567404302358,0.2797479747842086,0.0033895701696603337
0.39521152132362974,0.5780956974461613,0.2765076507491719,0.002410361000162288
0.4228622863977364,0.578336733545109,0.27302730271194464,0.0013988702100346726
0.45016501666806147,0.5784766205650368,0.2693069306725001,0.00035509779922748174
0.4770957097344035,0.5785121303438859,0.26534653463081337,-0.0007209562322965681
0.5036303631965513,0.578440034719588,0.26114611458686293,-0.0018292918845653977
0.5297449746542869,0.5782571055300696,0.2567056705406308,-0.0029699091576001367
0.5554155417073874,0.577960114613254,0.2520252024921025,-0.004142808051416943
0.5806180619556269,0.5775458338070625,0.24710471044126614,-0.005347988566028265
0.605328532998777,0.5770110349494147,0.24194419438811227,-0.006585450701443716
0.6295229524366075,0.57635248987823,0.23654365433263327,-0.007855194457670692
0.6531773178688872,0.5755669704314262,0.23090309027482325,-0.0091572198347148
0.6762676268953836,0.5746512484469215,0.22502250221467762,-0.010491526832580164
0.6987698771158639,0.573602095762633,0.21890189015219294,-0.011858115451269635
0.7206600661300945,0.572416284216478,0.21254125408736696,-0.013256985690784933
0.7419141915378418,0.5710905856463736,0.20594059402019826,-0.014688137551126731
0.7625082509388714,0.5696217718902369,0.1990999099506865,-0.016151571032294695
0.7824182419329494,0.5680066147859849,0.1920192018788321,-0.01764728613428748
0.8016201621198417,0.5662418861715349,0.18469846980463653,-0.01917528285710267
0.8200900090993142,0.5643243578848046,0.17713771372810222,-0.020735561200736694
0.8378037804711329,0.5622508017637119,0.16933693364923266,-0.022328121165184674
0.8547374738350646,0.5600179896461751,0.16129612956803263,-0.02395296275044019
0.8708670867908763,0.5576226933701136,0.15301530148450826,-0.025610085956494968
0.8861686169383354,0.5550616847734472,0.14449444939866754,-0.027299490783338428
0.9006180618772104,0.5523317356940969,0.13573357331052055,-0.029021177230957054
0.9141914192072708,0.5494296179699852,0.12673267322008017,-0.030775145299333482
0.926864686528287,0.5463521034390363,0.11749174912736278,-0.032561394988445146
0.9386138614400316,0.5430959639391766,0.10801080103238964,-0.03437992629826227
0.9494149415422788,0.5396579713083353,0.09828982893518856,-0.036230739228744716
0.9592439244348059,0.5360348973844459,0.08832883283579676,-0.03811383377983685
0.9680768077173939,0.5322235140054474,0.0781278127342653,-0.040029209951458734
0.9758895889898287,0.5282205930092869,0.0676867686306667,-0.04197686774349
0.9826582658519036,0.5240229062339234,0.05700570052510837,-0.04395680715573752
0.9883588359034228,0.5196272255173352,0.04608460841775911,-0.045969028187862714
0.9929672967442069,0.5150303226975346,0.03492349230890589,-0.048013530839187746
0.9964596459741059,0.5102289696126014,0.023522352199097152,-0.05009031510801696
0.9988118811930238,0.5052199381007854,0.011881188089597186,-0.052199380987566
1.0000000000009917,0.5000000000010144,-1.541359767568117e-11,-0.0072335782760881324
