1.1151901663807169
1.8736469173321542
2.3800397277892307
3.3110199824617528
1.4937117348475129
2.0939890710237474
2.2076856467854715
1.5157467968233336
1.5538263522718097
0.518616076473619
0.1754917554316275
1.3889578988620075
5.392943757909427
0.6157556257330971
0.6601681474357989
1.4995166602474765
0.021049129711920612
4.587902753712513
1.1502419057526356
5.7132750775644405
0.8481935383728388
1.589762796048785
2.867028337326649
0.05918625389140703
0.3903107801875315
4.471482596246359
0.10033540050083445
6.0136159533109295
2.7147252250285994
5.221637912501689
5.07262392998743
2.4421380471820373
2.0050706043798754
1.8789719995957466
1.5043897926037009
1.4611813396648816
2.456546808626839
0.8686703997498523
1.8082050703038242
0.2225562799644524
1.3440530144398957
0.5217081518539869
1.903318862563423
7.205952970396999
1.0695135076683149
0.0004191157206221538
0.986494450014571
0.3557577744554631
2.641771561992673
1.2032374988590075
2.6117063158100473
0.20845118684553868
8.138754340394323
3.0891972294361527
2.35551231833785
0.37421778622825713
1.1316094703480521
2.5143329070196674
1.3539418580868356
2.2988537764832393
3.516604797804083
2.5693496732416623
0.04490351575093131
2.061495857292466
2.711874198835981
0.4838972306790619
3.5652037060107924
1.032899769548145
1.722968144052771
3.3223264831511776
3.9543038229872636
0.9453420308024024
3.3153413545460073
0.9502668767418824
3.2520608891334875
5.294096661392995
0.9846256386113491
1.1007157610534388
2.8642841546372324
2.5501645296341806
2.536581842832182
2.230510628937707
1.0230239489211985
0.2183662521772544
0.8361386631670134
0.11445765894420493
2.200558129069106
3.416198880347826
1.988382136558539
2.9039610432751837
1.290717588831045
1.9786889942707753
3.835464344012695
2.0059301552372624
1.741143683268837
0.182429348124169
7.308403043823523
0.7650388576434293
1.740164779734859
2.3046756631206566
