0.1401724821078936
0.26516006425604643
1.3559299354320342
0.62115821081081
1.213541509399212
1.1368419704229975
1.9040626103933145
2.7196720843237614
2.2189598499540173
0.20841524706102837
4.509486220083034
1.9738665001547322
1.7197818559809153
1.4333569379125024
0.043197678198354086
0.47380906704461456
3.522146966229085
0.8718581209006501
0.12445007984342098
1.3890526913202532
0.8062779500309035
0.20800315574723197
2.8640585431871464
0.24355143765017132
2.2880167230884787
0.08089994536083618
0.4179855175278692
1.7843974243279324
2.0150918633023576
2.6368964258243133
0.30356877010874983
0.17276401770281016
0.05574063453802889
1.7705668914984956
1.319358044272156
0.32501510487843
0.4427499858464019
0.1662101914589158
0.18530285756454715
1.1973691064052947
2.6309596213367454
0.1197719109294401
0.8705434178222364
0.10746770763005249
2.0797436182035476
0.5531546569473033
2.9550227103845494
1.9258429702771223
0.3776381186712443
0.6352916203802266
0.9952636246990985
0.32399353033379197
0.7772770143974699
1.5094020343199692
1.1601546003811642
1.5725367405554187
1.0476776766847042
0.6935948773468162
0.26082960812242245
0.17152089239848572
2.541771132568216
0.4767120170742057
1.2920909027639458
0.4798153879087152
0.8452656994189034
0.9811998460030136
1.5735687677065728
0.5012378913974215
3.210034324261212
0.6564877614853419
1.6495333290781662
0.10209111192586758
0.47946910343994686
0.8701732962797729
0.3091786301793034
0.2614853398792632
1.3415838409044343
1.014553113907856
0.5825534131126904
0.7783520963476177
0.8173625240919994
2.426247084301353
0.5228295659611626
2.472424818638974
0.6514359807763078
1.450861525614868
0.5752557200608512
1.303226290535588
1.0703584027693511
0.43893775937919
3.7238220423165407
1.0064435146086435
1.8450007396974841
1.325239050757982
1.4520543428397774
0.15090876598045183
0.3527639566664179
1.6691915095348742
0.26947674629213114
0.9499235279832888
