0.2803449642157872
0.5303201285120929
2.7118598708640684
1.24231642162162
2.427083018798424
2.273683940845995
3.808125220786629
5.439344168647523
4.437919699908035
0.41683049412205675
9.018972440166069
3.9477330003094644
3.4395637119618305
2.866713875825005
0.08639535639670817
0.9476181340892291
7.04429393245817
1.7437162418013001
0.24890015968684195
2.7781053826405064
1.612555900061807
0.41600631149446393
5.728117086374293
0.48710287530034263
4.576033446176957
0.16179989072167236
0.8359710350557384
3.5687948486558647
4.030183726604715
5.2737928516486265
0.6071375402174997
0.3455280354056203
0.11148126907605778
3.541133782996991
2.638716088544312
0.65003020975686
0.8854999716928038
0.3324203829178316
0.3706057151290943
2.3947382128105894
5.261919242673491
0.2395438218588802
1.7410868356444729
0.21493541526010498
4.159487236407095
1.1063093138946065
5.910045420769099
3.8516859405542445
0.7552762373424886
1.2705832407604531
1.990527249398197
0.6479870606675839
1.5545540287949398
3.0188040686399384
2.3203092007623285
3.1450734811108374
2.0953553533694085
1.3871897546936325
0.5216592162448449
0.34304178479697145
5.083542265136432
0.9534240341484114
2.5841818055278916
0.9596307758174304
1.6905313988378068
1.9623996920060272
3.1471375354131457
1.002475782794843
6.420068648522424
1.3129755229706839
3.2990666581563324
0.20418222385173515
0.9589382068798937
1.7403465925595458
0.6183572603586068
0.5229706797585264
2.6831676818088686
2.029106227815712
1.1651068262253808
1.5567041926952354
1.6347250481839988
4.852494168602706
1.0456591319223252
4.944849637277948
1.3028719615526156
2.901723051229736
1.1505114401217025
2.606452581071176
2.1407168055387022
0.87787551875838
7.447644084633081
2.012887029217287
3.6900014793949683
2.650478101515964
2.904108685679555
0.30181753196090366
0.7055279133328358
3.3383830190697483
0.5389534925842623
1.8998470559665777
0.5161047098829061
0.48412175778369626
1.9876732730798878
0.7140738933121418
3.970578556048486
2.6689115365414895
5.280212287709493
1.6785482481947498
1.2407491143682008
2.8861095815792615
0.4643232904890827
1.5529648599765902
3.7106785020826525
1.1118088768850325
6.733560657344565
0.7304369674148602
0.7413598107422212
3.5282447639829595
2.088517971110337
0.8046426934940104
0.09060471950607231
3.184577284393192
3.3214646709915123
1.0027841387724787
1.0489786053553813
4.08801222452089
2.431776062070619
1.3290230105034966
2.717251365003653
0.29172371209907155
1.064764340456103
1.1101895382732316
2.506625450325595
1.5808439399728063
3.1522944820972008
1.4701781800465323
3.6420421114201216
0.005846755850172973
0.7415738838930452
0.600815914192664
3.869577632108479
2.4980986077586183
0.017947936850647633
0.7724849156363789
1.4222200087261587
0.5776279491576474
0.8154359787765735
0.6002797057346976
4.14315549057274
3.113564466923396
1.2409847784508186
6.326742158259446
1.8136406062133288
2.689846964624915
3.2865200466772246
1.9442626812074935
0.3435376431959859
0.8754547413372543
2.183402911095829
1.3338020887760964
1.834380207378083
4.369812609936063
2.580114611406302
0.7472331928839853
4.7737952448155
1.7037984611661345
1.184695688073142
1.2362498723358428
0.25303567554490447
0.9125340793740258
3.8324962936946707
3.132636076873234
0.8070224290146873
2.3279934579093062
0.598265389879901
2.0957697837833487
1.1773524756737999
4.390755454170026
1.6009224878728459
2.162968522303903
3.4918807548814037
0.17846843396755607
3.0110544581561896
1.7887762699804046
0.6300887009987758
4.407250924175329
1.3825676448705575
1.4795034402471172
1.4809910692564434
2.174228181475666
0.7667376365880584
2.2573270387837914
0.2262769253200537
1.2887685211396371
0.5060739868904107
0.4634719953159339
0.20932235612854233
1.684007316450288
0.9779762644658703
4.487672768794824
2.1837541645772323
3.060195204387056
2.175834618545817
6.037613307327111
2.0032900177559174
5.420931289981334
2.1555440184246106
0.13517346879012263
0.5710087986422496
0.15634168484641045
3.2944566482694433
0.30120929175674527
1.333301060482794
1.7416494276595478
1.957801364438364
0.10052605855126627
1.991050074641269
2.071487762379073
0.028755686258677998
1.439567117279292
0.057332021570431276
1.9517275453385519
4.860108784436207
1.4986626856722962
1.543090849349021
1.1228770620111566
2.7588458697767653
4.985351269469588
3.8845866726943634
1.6676983774493814
0.28076452275179337
0.6268782489214437
2.9233042630503734
1.61637629193637
0.012641235296568474
5.891694736857964
0.4651312570497496
1.692594745885519
4.532805441591536
0.41928534347376134
2.2591813731811405
0.5689958691805115
0.4527970052137851
2.408203767041729
1.4362446430489957
1.1571741098173176
1.2415439861249093
0.10424197279846163
2.9941342051272346
2.345883201483567
5.404969175984775
1.3243158762668237
3.7715206727510053
0.10359604945510983
3.479121474098269
1.1291455391227074
1.9154991584613792
0.9481214746734642
3.4152885468457455
1.1233273217014814
3.024663062695201
0.854308157068758
2.7294520303780008
4.531504067255176
0.6257006906376781
2.160151046314954
1.7867330053200832
0.4334590367550924
1.1977579261499485
0.4941496830032384
4.729209799437497
0.6902678029076805
0.38983648731201537
0.3567910455714479
0.4102739812416785
4.312155209094464
0.8280649542573838
0.517823396382006
0.5416768400279904
0.7636290697433816
0.9577912424921311
0.29430910055402093
2.3040910518264885
1.4465202198880664
0.4962820131224114
2.7618420652273525
0.46486767461528145
3.122444032815485
1.822578032217652
4.302877833510996
2.3997797105733403
2.5330155159728274
0.44056357593943896
2.635478011307698
0.06251757669102387
0.530798922939624
1.0325250641307269
4.975279731730369
2.9297255238799744
3.3485978296769523
0.20867978053231243
4.320172202753414
2.5527416858734253
1.3887877356666283
0.6215595328494348
0.7846146490749769
0.36551120045559393
5.02911962061449
0.5169599264196111
1.1208704849321691
2.2116800444294094
2.0435272006716048
0.5936567443432575
0.7040531946838773
4.706616020326541
3.658376266920945
3.5575206553996668
1.4804115411430916
0.3396814229552286
4.677979259694265
1.0658475279369215
0.32348188843113906
4.485056703338319
0.8591082242198425
1.0185601625281646
3.0155834718832537
0.7889745760223426
0.5127281264502614
0.08059837953844047
1.441928047295347
0.7003456764267479
1.8786444305277763
0.409423303706965
0.3176338672917383
3.3938505614014804
3.3252312741752004
1.9478426108894467
1.0701193291922333
3.262338415080306
0.20564781352990164
1.745357085661166
0.7565532399132607
0.09024780047335745
2.5000258443680203
2.5540654307377264
1.2919316372705958
0.06683613766281574
0.7115256433933045
3.661545419738861
0.7591526863777682
0.514189004445015
2.5937424814352417
0.8689469390638301
2.260469955620237
2.7379519482496106
1.8234939148018328
0.6150617103818202
1.8539004061368753
4.3760983080411995
2.7932983425670668
1.8026859837209763
4.333540171558686
0.7132810763297811
0.49518638583156194
0.6708100119223278
2.6321236087046063
4.863970404759806
0.6009763166859513
0.3833952019703254
0.686160738459334
1.5789085577191702
3.7029734568399517
1.6825321626273873
6.545943089393275
2.8178513899621276
1.0213294843313696
2.8787740889831324
1.1448484588453736
0.6653457630726346
2.343465157971473
0.1679443869572083
1.4359777526956163
1.4096782908505918
0.8368153639681036
2.631004388787277
0.3432503044398752
0.25555998325794055
2.198955313874804
2.249198051511951
1.1214976074716105
0.28404418340699833
0.1280361095298333
0.8762283701950204
1.7029504339356838
5.2009695974850905
6.422893725203714
1.56004108864889
3.9311676276763086
1.1702415752715953
4.892061296059486
1.1235098146349007
2.0428194608754286
1.2094411112936767
1.4035097801813066
4.332699938080524
0.27314466788591174
2.7982693115948836
3.982624367530146
2.4181013560990996
2.360246633211924
1.0472095722697703
2.624134508906473
1.0978360802318239
0.5209447030932127
0.4350969335519734
0.4698712029201294
2.2947280246591655
1.4597755256985083
2.3065598685737503
1.0409043754992413
0.8945009691716239
3.3182083277579797
0.7622016800047056
3.118728570798752
0.8133583954756142
0.41368631543623996
0.4289337969659193
3.966784120204162
2.265039238115229
1.9444537749274882
0.6445055155727805
2.2397257833960924
1.2694627014663715
1.1020245088875997
1.4297258637900263
0.9888997484051211
5.585739466788937
1.0671392406326408
3.8259252079655344
0.6866217292181955
0.17771251517172515
3.290344300155821
1.2900904941855549
0.6628586472708307
0.5009612739840131
0.29005721217316066
3.436344856704411
1.08940962660217
1.2391835962382196
0.30203080133455784
1.0763873362992553
1.198635649317341
3.9916483913476766
1.2261619442897422
1.3634680361734426
1.0029939577475213
1.4295346891526366
0.38568061051094193
1.7997419410617872
1.27583874272838
1.7223015308243004
2.033529232867904
0.2167281113202415
0.6798990773412764
0.5085925327683872
0.9865490879964296
5.459573479614327
0.12766741037600382
0.5765241884800507
0.2778128203954323
1.0221622276063194
3.717977689167497
0.4977429256619642
0.5297135810330632
4.207425254722724
0.24885776610120994
0.22132627108784003
1.681017698851062
2.8046793877069844
0.429771125437047
4.015803155693046
0.3132252626411989
0.07249691382611168
0.6283127566947571
2.8754019267852753
0.6523812491581209
2.53914239212866
1.5747602842395754
0.9563661087437134
0.655732295926767
0.8407414619105729
0.04746471812568384
1.3539335728647246
0.1286825650778002
2.2758042979243753
1.3300319704343986
1.2310309269176267
5.908951079283225
0.5076903971935935
4.267210152554372
2.278890331232407
2.5715352561543434
2.603400052824058
0.006094633908362192
1.7353983207804706
2.9225939102054537
4.121261840632396
0.4892451254102889
1.7232432919234935
1.3451898308051435
0.7429177431931929
1.227188307261256
4.834417912238256
2.580521685298816
2.1278638115224897
1.7968813059896196
1.59297239588138
0.17729670852380247
0.0483067739631449
5.7367525677134505
3.670862903166291
0.7661722343636919
0.9109654567701092
1.4951375718921671
3.12512704403969
3.99262455899289
1.6694869497939413
0.4934121683345751
1.7414817385294543
2.9831070250853333
2.749656868016252
1.0477798522901238
6.137593582518519
0.45273557243148604
5.703592426836465
1.5113623625648451
2.654912381846382
0.7546337325250907
1.4614400840179915
4.177434586513232
0.060645582175288155
0.31290872667607944
4.727736578042176
1.0698848593680803
2.3071114976684366
1.001184930631454
0.7911279559749769
1.9571111329094764
0.3929169353496739
0.11366031604712148
2.0341981318927482
3.775200286949246
3.203122130352061
3.241741325956668
0.9877641824993112
0.20765223558811222
7.680496213585645
2.190778991189816
4.349729487715816
4.106026335919749
0.43204690148745556
0.13161550769669722
0.9830397515712105
0.476136719600522
0.6742162939879203
1.3527870313995565
2.8547350528294304
1.8099426420030709
3.007260559299696
1.2136557720405388
0.65643412571414
5.042036770448404
4.2216835565218584
0.9396860217510202
2.173651562842494
3.9234046891820356
0.7971766313020175
0.7234541032572248
2.768739457955992
3.147926772697094
2.2909894579009427
1.7557204048648747
1.0334605188284318
4.303856884107746
0.5275519123922258
0.00046334424273581325
1.2147974875719785
5.027705839418587
4.870784858429256
0.4015086500404131
1.046671979584995
2.394713173538391
0.6648130524145577
3.0572601788196208
2.978639075036161
0.6539235769338434
0.7483316315130191
2.689652001285206
1.8966955246143447
1.1158357428144925
1.0686197171186294
0.13994120518931102
3.162387931577914
0.5189168690696232
1.7923114609088968
3.028029711546862
0.01778368994454383
0.44657697788691714
0.6420563156419044
0.15678794443635696
1.0120282682427864
0.6277853607261291
4.132159888541553
6.206442878872384
0.9064922498425214
1.141633321458519
0.5167003253943457
1.1528051726410544
2.8306104243666406
2.0428275893782026
4.21648487869487
1.7658976891589808
2.2720192691982453
0.2508798266336958
1.5427034002446895
0.6720736923016714
1.9999711069129902
0.5431522102975016
2.415770165024242
0.47733005481717866
1.8306433113712086
2.8344351018342526
1.4093895882785632
1.8987738634842963
2.1020802993628083
1.6359030125783383
2.8472584357391026
1.2576026555378594
3.822883835852736
0.2385062138673351
3.3803502768291676
1.280589403950629
1.072043288800125
0.7490777285527561
1.5649541498083388
0.378242165542187
0.24494515667051014
1.7229261402589096
1.5323381972454235
0.8130424482873749
2.3771045965484445
0.5078835120348137
2.7887461189955087
2.907637739634096
3.342501442700845
4.0810427702609875
0.20364467503756428
3.4659340335405093
1.416614017629327
6.19164482311809
2.013134782408542
1.1321819731415228
0.9120547178913169
1.0721154728120295
2.3254155855459433
3.1767819132061943
1.4748882707755122
4.360096661252765
2.45239934055334
2.6208245686890552
2.1897670651883097
2.2039470790452174
0.18361539896692755
3.188071399132658
2.7539547012756835
4.641685951834115
0.6206086519163995
1.2527128060847612
2.1079146828624253
0.8811004408822449
3.327323124698633
0.7652527552423771
4.2293235890661665
0.8398488793923824
3.3540305224291744
0.5487290881299655
2.287509492616986
2.990479224195222
1.5820469601552374
0.9075859326692461
0.8951734381194477
0.5683514509318723
3.442654538148999
0.48229710190276054
0.7524352627873528
0.858627236352451
5.748950315668084
4.810810324976208
2.027368253308912
0.9741907615337606
0.4036393978541375
5.474747692289365
1.5740581337486665
2.817012023414818
3.8799404127226094
4.61460401760977
5.420475418178921
0.07179922941576593
0.8045155162495021
1.9320875416520962
3.9980068772958215
1.1585693514114292
2.3715783900748946
0.07767124160291096
2.0817202053286383
0.014643629445669156
1.0304979612139824
2.9287492628190233
1.4302394777354204
3.731607426880509
4.088473154499767
0.8613826018155423
0.5322319298495536
2.1602802921148823
1.636005964364061
6.689457076938651
0.30590760917419973
1.2459915889212798
5.425124839011375
5.08676916150941
1.251848602660302
0.37528498799650856
0.2679077964994704
1.3713744545401134
1.3058677589890413
4.194129807055372
0.3977620444284265
1.0423559985124182
2.248690451516845
1.329435488361807
1.5265197975705378
2.6569420504889543
4.494538064890064
2.386751494344077
2.3200854644135647
4.057654132444107
0.36266328771468065
1.2891453001781066
0.46536066850654684
2.6251126477163935
3.3332682735260115
0.2040207403490113
0.013412769493596998
3.5637344867346945
2.725770726843736
1.490510729580662
2.550531068514572
3.839811281711732
0.2960299166589808
4.015379675236255
2.160879912244024
1.9773018782704237
0.6506936112502381
3.5121215569248148
0.6110039131822085
1.3513264803146705
1.4539829241919866
0.6946091564505341
4.904150586650428
0.6822103194489907
3.540702058769262
3.759487382656569
0.49823203766714524
2.2270190129976766
4.226295449772228
2.38847037255769
1.6163099260390246
1.0316810081782395
0.7746164775893084
1.6071623917757065
4.750197779208608
0.43772801127858946
0.9173014061150198
0.3600775566664397
1.2554404430464305
0.45421813950843726
0.2307780300003637
4.595160271028883
1.3749599841974949
4.089769700293329
0.1455742697991253
2.3229851171065277
2.246625948407577
0.7239846541838191
6.689798783429134
1.3689908597176055
2.5546025365036966
0.3179082868543966
0.6601197045266656
3.5446008671068974
0.26491070822922363
1.6994678578613533
4.394069073598296
1.3669865386138214
0.27425022770033214
0.3032731220110165
1.1385768762598376
5.778042586022093
1.183175877377176
0.2885127815430621
2.575615569875634
0.7997832042379804
1.5384506552330786
0.06385125963954091
2.2762817269015416
0.27317117762176035
0.9778936050685663
3.3577121179945997
1.5727496853837575
0.4755191107885818
1.127130320703042
2.573817256655427
5.165528333051925
1.5269980015423412
5.097847036928283
4.863549927700538
5.146993860382026
1.3222108455968893
3.0081761239428917
0.7004256756232361
3.3940655226687304
0.24426672639079253
1.0218846109257707
2.448240603996422
1.3791773217557695
3.0691077592224945
1.3468644049733876
0.08405435247970776
3.7795524707962715
4.414773164283604
0.2446122093659629
2.6475249349830237
1.5494045160637306
0.4918914815869924
0.14341457023787413
0.1747659602358839
0.12288105139912225
3.637315155710658
0.41766588307952535
2.828644224464535
4.8366781117975375
6.016833692095429
1.8302106111018221
3.4593456982978754
1.072989673752193
1.2896593411509447
0.5815385069039534
1.5813239671795962
4.7945273340681585
1.008027933831717
1.5720976320749558
5.465079243937097
0.1391296152833072
0.5582346382848519
0.29559955064534044
0.42853578395195874
1.327156296783695
3.2196440130318353
0.28334307635252093
0.05385982742121229
3.8206414302452605
0.1488633413648942
0.4450209632518548
0.1746506095326245
0.04089073198546201
0.6076215608695023
0.4137034618452292
0.6058392160840954
3.1469913242252128
1.1371361619501288
0.24978713845536546
2.502614918654278
1.2901724499007752
0.2673570388478637
3.1862119055692646
2.816741740200006
5.422329368493243
0.8268164024847371
4.766686283084857
0.4400924076571796
3.728543390983808
0.6929372104977233
1.5066542739817286
2.363507079899621
0.02263066383965532
1.631111895622424
0.08782617887447566
1.5164001356800487
1.6333155424128454
0.8125878583324432
0.5545360096055565
0.9541307881393479
0.18909237293483958
0.6986431856519154
5.076140446534462
0.9363535312850035
0.04487993977363139
1.203216196588358
2.8087490808088056
0.29818467501442525
3.4732583746449577
0.803130929389494
2.6778663446087445
2.1819789858971843
0.9098329150022858
0.15536938316778634
2.371065506328202
2.2598857459022614
1.2338591544987683
0.17609360683724096
0.9937789644536393
0.2425343526293197
1.0195427989135808
5.069563068374451
0.009503194314111042
1.2889635720470392
0.6363218639899266
3.4768543668658998
2.1311355449744744
4.393853022035153
0.4163058514167286
1.3924563882471397
1.006478290388618
1.132954892399438
0.319716966996412
1.0558216250113068
3.7051939018285824
0.3603782051412157
1.9096711260198467
0.7672467455470853
0.25458378595856185
1.2646194609836092
4.614727640814538
0.8493170733568192
1.2991900283481834
1.0749067421843048
2.731384520388523
0.19457121197016805
1.9553972031605804
1.0425883524246264
1.2769046633956356
4.892472338932544
0.023110403632768853
0.5334993231623344
4.668386784398849
3.987923053496348
4.4038501047955085
0.9412333851993617
2.426823514710874
3.3517632807658284
1.4580463264663435
0.16694243422250649
2.7710099386486853
0.748688690346884
0.5581026246017083
2.6198705008015426
1.78807282861932
6.04331147997629
1.9810332942857696
0.499289812358915
0.3379356346886375
1.48281622273322
2.462838360562173
1.2559074055993977
2.4320483849773322
0.04045914158214925
1.0200914914179804
3.409145145525908
3.1387817410565324
2.1016079243310717
2.966203717896191
0.12327791823263962
0.17392910988092689
3.16844277480542
2.371131355087801
1.5639832000719782
0.2983975945036955
3.504405917262727
1.64792895491531
0.725241066100899
1.7214909520941513
4.961699217303879
2.431293097890932
1.7467322085014787
0.13884183548997572
0.0042359637976040025
2.5717016898834313
1.1514477985111071
0.44587766863897865
0.9877931568374787
